0        1       52
0.9999709  -0.006110847  -0.00462994  0.007404074
0.0061424673  0.9999585  0.006787777  0.0007250458
0.004588604  -0.0068158805  0.99996674  0.002508998
0.0  0.0  0.0  1.0
0        2       52
0.9998691  -0.015071124  -0.0059085786  0.009657025
0.015117109  0.9998555  0.0077789426  0.0034380779
0.005790502  -0.007867157  0.9999525  0.0125489235
0.0  0.0  0.0  1.0
0        3       52
0.99895835  -0.04515481  0.0065876544  -0.010255277
0.04521057  0.99894047  -0.008582383  0.010657325
-0.0061931014  0.008871317  0.99994147  0.032636285
0.0  0.0  0.0  1.0
0        4       52
0.9972515  -0.06697573  0.031681567  -0.0296309
0.06733768  0.99767476  -0.010498673  -0.00084500015
-0.030904979  0.012602985  0.9994428  0.052537322
0.0  0.0  0.0  1.0
0        5       52
0.9942801  -0.059740543  0.088537544  -0.07523304
0.057258293  0.9978994  0.03031969  -0.042450484
-0.090162456  -0.025076687  0.99561197  0.0879643
0.0  0.0  0.0  1.0
0        6       52
0.99425125  -0.06517473  0.08495043  -0.075414784
0.064942196  0.9978739  0.005499184  -0.030816533
-0.08512825  4.9352646e-05  0.99636996  0.11042994
0.0  0.0  0.0  1.0
0        7       52
0.9890505  -0.103599  0.10509887  -0.1013216
0.10343452  0.9946113  0.007027656  -0.024384197
-0.10526073  0.0039198995  0.99443674  0.13283491
0.0  0.0  0.0  1.0
0        8       52
0.99044967  -0.099378556  0.095569134  -0.0890324
0.09903543  0.995049  0.008340329  -0.032943815
-0.095924705  0.0012040734  0.9953881  0.15619588
0.0  0.0  0.0  1.0
0        9       52
0.98488545  -0.12985916  0.11461583  -0.120161004
0.125467  0.9910868  0.04476723  -0.054751102
-0.11940825  -0.029710203  0.99240017  0.17563033
0.0  0.0  0.0  1.0
0        10       52
0.9861533  -0.11040741  0.12374166  -0.12325358
0.10285996  0.9925153  0.06582436  -0.07191804
-0.13008296  -0.05218461  0.99012876  0.20522845
0.0  0.0  0.0  1.0
0        11       52
0.97784364  -0.15273991  0.14314973  -0.14872956
0.1575557  0.9872453  -0.022865295  -0.030595854
-0.13783169  0.04491256  0.9894365  0.21458358
0.0  0.0  0.0  1.0
0        12       52
0.9767148  -0.14075772  0.16191243  -0.16941807
0.13932908  0.9900402  0.02020359  -0.054862075
-0.1631434  0.0028261244  0.98659855  0.22559893
0.0  0.0  0.0  1.0
0        13       52
0.9707986  -0.15759106  0.18087369  -0.18165538
0.15929976  0.9872172  0.0051347315  -0.05424317
-0.17937037  0.023828417  0.9834932  0.22809315
0.0  0.0  0.0  1.0
0        14       52
0.964838  -0.15377367  0.21317133  -0.18636099
0.14557813  0.9878877  0.053721845  -0.12786105
-0.21884984  -0.020799808  0.97553754  0.2615053
0.0  0.0  0.0  1.0
0        15       52
0.944075  -0.2165778  0.24863034  -0.1985109
0.21889597  0.9755703  0.018633178  -0.13360962
-0.24659187  0.036833055  0.96841943  0.26295775
0.0  0.0  0.0  1.0
0        16       52
0.93847847  -0.22120914  0.26518866  -0.19095892
0.23419093  0.9720248  -0.01795943  -0.15034536
-0.25379696  0.07895906  0.9640294  0.26305228
0.0  0.0  0.0  1.0
0        17       52
0.9033462  -0.24129783  0.35460016  -0.20568638
0.26701808  0.9633757  -0.02467332  -0.14665072
-0.3356595  0.11697315  0.9346925  0.26444876
0.0  0.0  0.0  1.0
0        18       52
0.90432143  -0.24784368  0.3475297  -0.15974694
0.28291187  0.957669  -0.05320844  -0.15574118
-0.31963068  0.14643757  0.9361584  0.2578894
0.0  0.0  0.0  1.0
0        19       52
0.37348744  -0.557689  0.74127626  -0.36497173
0.5144864  0.7894702  0.33472577  -0.32127327
-0.771888  0.25636044  0.5817803  0.3605466
0.0  0.0  0.0  1.0
0        20       52
0.37348744  -0.557689  0.74127626  -0.36497173
0.5144864  0.7894702  0.33472577  -0.32127327
-0.771888  0.25636044  0.5817803  0.3605466
0.0  0.0  0.0  1.0
0        21       52
0.21642633  -0.24465036  0.9451486  -0.52902675
0.7059382  0.7079436  0.021599889  -0.13856058
-0.67439634  0.66254187  0.32592586  0.4811769
0.0  0.0  0.0  1.0
0        22       52
0.29214606  -0.40245426  0.8675722  -0.42622983
0.645118  0.7526145  0.13188982  -0.20150477
-0.70602685  0.5211551  0.47950354  0.3910952
0.0  0.0  0.0  1.0
0        23       52
0.38406813  -0.4498737  0.8062911  -0.37825316
0.56366897  0.8058915  0.18115294  -0.22787505
-0.73127896  0.3849061  0.5630969  0.33105418
0.0  0.0  0.0  1.0
0        24       52
-0.19300954  -0.4470135  0.87345666  -0.41826245
0.67401  0.5865268  0.44910702  -0.35727823
-0.7130625  0.67540056  0.18808615  0.537166
0.0  0.0  0.0  1.0
0        25       52
-0.2540492  -0.33614942  0.9068975  -0.51933694
0.7639486  0.5053111  0.40130278  -0.31268314
-0.5931627  0.79477376  0.12842682  0.5489406
0.0  0.0  0.0  1.0
0        26       52
-0.2982704  -0.28444004  0.9111141  -0.5388014
0.79440886  0.45516986  0.40216357  -0.30107123
-0.5291031  0.84375066  0.09019776  0.5690949
0.0  0.0  0.0  1.0
0        27       52
-0.100576155  -0.33678  0.93619657  -0.55650616
0.84980047  0.46027872  0.2568714  -0.2186353
-0.51742023  0.82141536  0.23990265  0.4956415
0.0  0.0  0.0  1.0
0        28       52
0.04874575  -0.6060866  0.79390347  -0.3752343
0.74576  0.55083406  0.3747312  -0.27199528
-0.6644286  0.57379514  0.4788461  0.35973048
0.0  0.0  0.0  1.0
0        29       52
-0.40937003  -0.18094718  0.89424485  -0.512398
0.8016927  0.39656183  0.44724405  -0.30584517
-0.43555114  0.899998  -0.017276622  0.63505304
0.0  0.0  0.0  1.0
0        30       52
-0.40937003  -0.18094718  0.89424485  -0.512398
0.8016927  0.39656183  0.44724405  -0.30584517
-0.43555114  0.899998  -0.017276622  0.63505304
0.0  0.0  0.0  1.0
0        31       52
0.1426214  -0.9281546  0.34378597  -0.067138344
0.81768155  0.3062063  0.4874779  -0.29620075
-0.557724  0.2115826  0.80260634  0.21956205
0.0  0.0  0.0  1.0
0        32       52
0.35007116  -0.8053839  0.47833765  -0.074357584
0.6562175  0.57525915  0.48831922  -0.34567428
-0.6684523  0.14294699  0.72988874  0.23897031
0.0  0.0  0.0  1.0
0        33       52
0.3880006  -0.5130416  0.7656654  -0.30517262
0.59923744  0.7716148  0.21336469  -0.20675293
-0.7002641  0.37602985  0.60682076  0.296337
0.0  0.0  0.0  1.0
0        34       52
0.3880006  -0.5130416  0.7656654  -0.30517262
0.59923744  0.7716148  0.21336469  -0.20675293
-0.7002641  0.37602985  0.60682076  0.296337
0.0  0.0  0.0  1.0
0        35       52
0.42715812  -0.55339444  0.7150461  -0.2865641
0.62965757  0.74961126  0.20399705  -0.20058788
-0.6488971  0.36309507  0.66865146  0.26885876
0.0  0.0  0.0  1.0
0        36       52
0.2793059  -0.6106657  0.74099636  -0.2959502
0.7184622  0.6448842  0.26064634  -0.20469329
-0.63702464  0.45957774  0.6188602  0.27783614
0.0  0.0  0.0  1.0
0        37       52
0.20865327  -0.59671754  0.77485  -0.29384172
0.74122846  0.61334544  0.27274242  -0.20668316
-0.63800067  0.51743215  0.57028073  0.31495443
0.0  0.0  0.0  1.0
0        38       52
-0.17515343  -0.6413091  0.74702346  -0.26500386
0.55487823  0.5624703  0.6129743  -0.35611176
-0.8132847  0.5218718  0.25733006  0.47757652
0.0  0.0  0.0  1.0
0        39       52
0.17806512  -0.6828203  0.70855415  -0.2444242
0.7020675  0.59269416  0.3947331  -0.23495248
-0.68948793  0.42716473  0.58492404  0.28125018
0.0  0.0  0.0  1.0
0        40       52
0.38794947  -0.50913215  0.7682967  -0.3357163
0.6617774  0.73407066  0.15228832  -0.11998011
-0.64151853  0.44936132  0.62171435  0.2954899
0.0  0.0  0.0  1.0
0        41       52
0.38794947  -0.50913215  0.7682967  -0.3357163
0.6617774  0.73407066  0.15228832  -0.11998011
-0.64151853  0.44936132  0.62171435  0.2954899
0.0  0.0  0.0  1.0
0        42       52
0.59537923  -0.5109177  0.62007  -0.1988008
0.58905613  0.80242115  0.095569074  -0.06889438
-0.5463851  0.3083562  0.77870417  0.19538683
0.0  0.0  0.0  1.0
0        43       52
0.5067633  -0.58187884  0.6360877  -0.18258584
0.6284996  0.7543995  0.18939006  -0.10712254
-0.59006715  0.30380487  0.7480128  0.21560907
0.0  0.0  0.0  1.0
0        44       52
0.7626794  -0.48743567  0.42511943  -0.037560895
0.46262306  0.8704708  0.16810659  -0.10570222
-0.45199543  0.06845838  0.8893893  0.15469986
0.0  0.0  0.0  1.0
0        45       52
0.7626794  -0.48743567  0.42511943  -0.037560895
0.46262306  0.8704708  0.16810659  -0.10570222
-0.45199543  0.06845838  0.8893893  0.15469986
0.0  0.0  0.0  1.0
0        46       52
0.6183288  -0.48875734  0.61545515  -0.17346963
0.48531872  0.8534112  0.19014269  -0.102662444
-0.61817044  0.18112126  0.764892  0.22601932
0.0  0.0  0.0  1.0
0        47       52
0.7847266  -0.39736384  0.4757164  -0.044142142
0.39418235  0.9122142  0.1117381  -0.052547622
-0.478356  0.09983516  0.8724727  0.10005653
0.0  0.0  0.0  1.0
0        48       52
0.7891086  -0.3602347  0.49753276  -0.11586627
0.34245023  0.930425  0.13052607  -0.0543737
-0.5099369  0.06738098  0.8575687  0.09334642
0.0  0.0  0.0  1.0
0        49       52
0.7452013  -0.4628965  0.4800016  -0.08376089
0.4501032  0.8802682  0.15011507  -0.04799201
-0.49201816  0.104184225  0.86432827  0.04217249
0.0  0.0  0.0  1.0
0        50       52
0.7384263  -0.45335686  0.49919277  -0.11151324
0.43982965  0.8849398  0.15307009  -0.050191324
-0.5111513  0.10652879  0.8528631  0.04680091
0.0  0.0  0.0  1.0
0        51       52
0.8267198  -0.3186266  0.46369314  -0.00013951957
0.3006738  0.9468244  0.11453722  -0.019444294
-0.4755304  0.04473009  0.8785613  0.0024200082
0.0  0.0  0.0  1.0
0        52       52
0.8267198  -0.3186266  0.46369314  -0.00013951957
0.3006738  0.9468244  0.11453722  -0.019444294
-0.4755304  0.04473009  0.8785613  0.0024200082
0.0  0.0  0.0  1.0
1        2       52
0.999936  -0.011266112  -0.0011662245  0.0006943941
0.011263683  0.9999347  -0.0021044612  0.004318014
0.0011898577  0.0020909607  0.99999744  0.008160949
0.0  0.0  0.0  1.0
1        3       52
0.99901015  -0.044414327  -0.0024001598  -0.004971713
0.04429294  0.99831104  -0.037587106  0.021966971
0.004065335  0.03744334  0.99929035  0.027517498
0.0  0.0  0.0  1.0
1        4       52
0.99771947  -0.06208931  0.026468992  -0.031655453
0.06316614  0.99711883  -0.041997403  0.013060041
-0.023785442  0.04357335  0.998767  0.046993792
0.0  0.0  0.0  1.0
1        5       52
0.9953821  -0.06824009  0.067513525  -0.07047387
0.06826873  0.9976655  0.001886487  -0.034532547
-0.06748468  0.002731204  0.9977168  0.08701509
0.0  0.0  0.0  1.0
1        6       52
0.9950019  -0.058082014  0.081225544  -0.07718899
0.059940815  0.99798846  -0.020635158  -0.023845263
-0.07986373  0.025400639  0.996482  0.10758972
0.0  0.0  0.0  1.0
1        7       52
0.99163747  -0.076413125  0.10400215  -0.104684204
0.0768543  0.9970426  -0.00023433566  -0.032193515
-0.10367641  0.008225411  0.9945774  0.13334835
0.0  0.0  0.0  1.0
1        8       52
0.9901604  -0.093489096  0.10412428  -0.10255919
0.09327105  0.99561626  0.006970972  -0.03933251
-0.10431972  0.0028093457  0.99453956  0.15176082
0.0  0.0  0.0  1.0
1        9       52
0.9864316  -0.10667457  0.12479724  -0.12371381
0.10318276  0.9940771  0.034137577  -0.05721321
-0.12769893  -0.020797104  0.9915956  0.17357254
0.0  0.0  0.0  1.0
1        10       52
0.98950416  -0.08374508  0.117764264  -0.13374718
0.0801529  0.99617094  0.03492388  -0.065339565
-0.12023771  -0.025118083  0.9924276  0.20380884
0.0  0.0  0.0  1.0
1        11       52
0.9774881  -0.15461624  0.14356625  -0.14770195
0.15747868  0.9874841  -0.008722961  -0.040146448
-0.14042035  0.03113538  0.9896027  0.21133602
0.0  0.0  0.0  1.0
1        12       52
0.970156  -0.15312766  0.18801463  -0.17813918
0.15143861  0.9881897  0.023403347  -0.06038702
-0.18937764  0.0057679415  0.9818876  0.22290254
0.0  0.0  0.0  1.0
1        13       52
0.9682101  -0.14673537  0.20257884  -0.19930047
0.13854563  0.98887676  0.05411154  -0.087330714
-0.20826557  -0.024324894  0.97776985  0.22992915
0.0  0.0  0.0  1.0
1        14       52
0.9691808  -0.1785253  0.16975766  -0.17233728
0.17392737  0.983875  0.04170531  -0.121526875
-0.1744658  -0.010894433  0.9846032  0.25278395
0.0  0.0  0.0  1.0
1        15       52
0.9496083  -0.1917689  0.24792638  -0.19883305
0.18878222  0.9813589  0.035997376  -0.14829388
-0.25020877  0.012620568  0.96810925  0.26434368
0.0  0.0  0.0  1.0
1        16       52
0.9397037  -0.19704576  0.27951685  -0.19379798
0.21789354  0.97492236  -0.04526043  -0.13494119
-0.26358905  0.103436336  0.9590733  0.26403153
0.0  0.0  0.0  1.0
1        17       52
0.885064  -0.20767994  0.41656956  -0.25418854
0.22622511  0.9740625  0.0049678683  -0.16796666
-0.40679651  0.08984189  0.90909016  0.2646867
0.0  0.0  0.0  1.0
1        18       52
0.9049473  -0.22290407  0.36246988  -0.16565919
0.26789293  0.96026146  -0.07830399  -0.1510875
-0.3306117  0.16796395  0.9287003  0.25568402
0.0  0.0  0.0  1.0
1        19       52
0.66121376  -0.49849093  0.56062734  -0.24603604
0.5009498  0.8496672  0.16466618  -0.25249395
-0.55843127  0.17196652  0.8115306  0.26561934
0.0  0.0  0.0  1.0
1        20       52
0.66121376  -0.49849093  0.56062734  -0.24603604
0.5009498  0.8496672  0.16466618  -0.25249395
-0.55843127  0.17196652  0.8115306  0.26561934
0.0  0.0  0.0  1.0
1        21       52
0.15720662  -0.271017  0.9496506  -0.52960795
0.70297945  0.7060963  0.08513744  -0.19037701
-0.6936181  0.65420055  0.3015222  0.49268788
0.0  0.0  0.0  1.0
1        22       52
0.12100555  -0.38160422  0.91637117  -0.4714285
0.71218556  0.6764467  0.18764922  -0.22564486
-0.6914837  0.62991977  0.35362664  0.42948145
0.0  0.0  0.0  1.0
1        23       52
0.17703752  -0.3510257  0.9194773  -0.4822426
0.66506624  0.7313291  0.1511442  -0.20553778
-0.72549593  0.5847552  0.36292815  0.4280314
0.0  0.0  0.0  1.0
1        24       52
-0.13438962  -0.42770517  0.8938725  -0.4861997
0.7620994  0.5319449  0.36910605  -0.301676
-0.63335955  0.7308239  0.25446567  0.45353836
0.0  0.0  0.0  1.0
1        25       52
-0.12627606  -0.4103453  0.9031453  -0.49375692
0.75996685  0.5451383  0.35394156  -0.29770154
-0.63757735  0.7310549  0.24301076  0.47414282
0.0  0.0  0.0  1.0
1        26       52
-0.30323082  -0.3240734  0.8961181  -0.5343178
0.77793396  0.45891637  0.4292024  -0.32980594
-0.55033636  0.8272681  0.11295011  0.55536354
0.0  0.0  0.0  1.0
1        27       52
-0.15280087  -0.62230855  0.7677133  -0.43663463
0.80071646  0.37735182  0.46525097  -0.35910743
-0.5792277  0.68581164  0.44063318  0.39671338
0.0  0.0  0.0  1.0
1        28       52
-0.06352247  -0.54134154  0.8383999  -0.42132667
0.78180504  0.49515566  0.3789487  -0.2939084
-0.6202791  0.6795369  0.39177012  0.4015537
0.0  0.0  0.0  1.0
1        29       52
-0.62674487  -0.23000723  0.74450547  -0.4345541
0.6944604  0.26848853  0.6675621  -0.44823644
-0.35343477  0.9354205  -0.008543149  0.64600664
0.0  0.0  0.0  1.0
1        30       52
-0.62674487  -0.23000723  0.74450547  -0.4345541
0.6944604  0.26848853  0.6675621  -0.44823644
-0.35343477  0.9354205  -0.008543149  0.64600664
0.0  0.0  0.0  1.0
1        31       52
0.17009872  -0.84822893  0.5015714  -0.1315
0.7867808  0.42336637  0.44915086  -0.30211937
-0.59333134  0.318227  0.7393843  0.23260134
0.0  0.0  0.0  1.0
1        32       52
0.3175489  -0.75768137  0.5701596  -0.14246982
0.67036575  0.60463864  0.43014228  -0.32337278
-0.67065126  0.24562424  0.69992596  0.23979622
0.0  0.0  0.0  1.0
1        33       52
-0.22726904  -0.88631785  0.40347257  -0.054411896
0.5657172  0.21707565  0.79551387  -0.4825872
-0.7926619  0.40904683  0.452071  0.3517844
0.0  0.0  0.0  1.0
1        34       52
-0.22726904  -0.88631785  0.40347257  -0.054411896
0.5657172  0.21707565  0.79551387  -0.4825872
-0.7926619  0.40904683  0.452071  0.3517844
0.0  0.0  0.0  1.0
1        35       52
0.2815213  -0.61779416  0.73421824  -0.28556597
0.6944505  0.6592115  0.2884084  -0.23198567
-0.66218174  0.42868525  0.6146097  0.2820666
0.0  0.0  0.0  1.0
1        36       52
0.03336576  -0.79227686  0.6092485  -0.1629287
0.7341387  0.4330689  0.5229644  -0.31672025
-0.67817926  0.4298237  0.59609085  0.29375723
0.0  0.0  0.0  1.0
1        37       52
0.25665665  -0.8535558  0.45339894  -0.09098752
0.76299  0.4668938  0.4470536  -0.27748787
-0.59327394  0.23119922  0.77108604  0.22712517
0.0  0.0  0.0  1.0
1        38       52
-0.72920763  0.664362  0.16394874  -0.0034381747
0.6642462  0.62966275  0.40286696  -0.24172059
0.16441725  0.40267608  -0.900455  1.1981328
0.0  0.0  0.0  1.0
1        39       52
0.18044192  -0.6546861  0.73404837  -0.27887726
0.78976566  0.54127014  0.2886123  -0.18884668
-0.58626854  0.52764845  0.6147165  0.27733058
0.0  0.0  0.0  1.0
1        40       52
0.36294675  -0.5691911  0.7377612  -0.3533234
0.7039214  0.686257  0.18315595  -0.13971289
-0.6105445  0.4528499  0.64974046  0.27867508
0.0  0.0  0.0  1.0
1        41       52
0.36294675  -0.5691911  0.7377612  -0.3533234
0.7039214  0.686257  0.18315595  -0.13971289
-0.6105445  0.4528499  0.64974046  0.27867508
0.0  0.0  0.0  1.0
1        42       52
0.20555189  -0.6195628  0.7575552  -0.4496366
0.85888994  0.48525414  0.16381502  -0.116319954
-0.46910083  0.61698425  0.63188124  0.29603058
0.0  0.0  0.0  1.0
1        43       52
-0.6141451  0.4020111  -0.67912614  0.62623256
0.29844165  -0.67832434  -0.67142206  0.50651544
-0.73058724  -0.6150303  0.2966132  0.4906876
0.0  0.0  0.0  1.0
1        44       52
0.48109815  -0.52401644  0.7028167  -0.28751177
0.60576886  0.77822196  0.16557196  -0.0936189
-0.6337101  0.34608805  0.69183385  0.2895546
0.0  0.0  0.0  1.0
1        45       52
0.48109815  -0.52401644  0.7028167  -0.28751177
0.60576886  0.77822196  0.16557196  -0.0936189
-0.6337101  0.34608805  0.69183385  0.2895546
0.0  0.0  0.0  1.0
1        46       52
0.47001886  -0.4451338  0.76219296  -0.32631204
0.51084614  0.8413874  0.17636323  -0.090701595
-0.7198046  0.30646932  0.6228627  0.33924782
0.0  0.0  0.0  1.0
1        47       52
0.6467383  -0.46093893  0.60767156  -0.22463575
0.4833355  0.8640101  0.14097135  -0.06738981
-0.59001356  0.20253772  0.78157663  0.16602826
0.0  0.0  0.0  1.0
1        48       52
0.64264715  -0.5008887  0.5797541  -0.23526214
0.5333215  0.8357286  0.13086489  -0.060832847
-0.55006576  0.22509563  0.8042134  0.14882499
0.0  0.0  0.0  1.0
1        49       52
0.7045002  -0.50750875  0.4960996  -0.1306336
0.51516044  0.84649223  0.13439196  -0.04521355
-0.48814937  0.16089186  0.8578023  0.056639433
0.0  0.0  0.0  1.0
1        50       52
0.68685216  -0.50164104  0.52591896  -0.12937342
0.5079473  0.84887284  0.14630562  -0.047540896
-0.5198309  0.1666488  0.83785737  0.053098857
0.0  0.0  0.0  1.0
1        51       52
0.81343377  -0.3788954  0.4413209  -0.017106935
0.37028986  0.9224456  0.1094533  -0.008282516
-0.44856596  0.07438351  0.8906493  -0.002496004
0.0  0.0  0.0  1.0
1        52       52
0.81343377  -0.3788954  0.4413209  -0.017106935
0.37028986  0.9224456  0.1094533  -0.008282516
-0.44856596  0.07438351  0.8906493  -0.002496004
0.0  0.0  0.0  1.0
2        3       52
0.9996857  -0.019289523  0.016028136  -0.019563258
0.019472554  0.999746  -0.011338651  0.0011202991
-0.015805423  0.011647195  0.9998074  0.017490864
0.0  0.0  0.0  1.0
2        4       52
0.9984981  -0.03890966  0.03856644  -0.039718993
0.040235966  0.9986035  -0.03423536  0.007228993
-0.037180632  0.035735756  0.99866927  0.0348742
0.0  0.0  0.0  1.0
2        5       52
0.9952795  -0.048801407  0.08388573  -0.08543941
0.047955886  0.99877644  0.01206556  -0.04185955
-0.08437216  -0.007985979  0.99640214  0.08013129
0.0  0.0  0.0  1.0
2        6       52
0.99483967  -0.052920878  0.08656815  -0.083309546
0.053632304  0.99854374  -0.005910039  -0.036404148
-0.08612904  0.010522485  0.9962289  0.095392704
0.0  0.0  0.0  1.0
2        7       52
0.9898732  -0.091488406  0.10854283  -0.10986794
0.09223026  0.9957366  -0.0018212795  -0.028049782
-0.10791314  0.011813968  0.99409056  0.12217778
0.0  0.0  0.0  1.0
2        8       52
0.99137974  -0.08759701  0.09743443  -0.09152923
0.08667807  0.99614346  0.013633788  -0.044295304
-0.098252684  -0.0050706863  0.9951489  0.14018875
0.0  0.0  0.0  1.0
2        9       52
0.98655486  -0.122886285  0.107737854  -0.117402874
0.118181884  0.99178016  0.049035072  -0.0578526
-0.11287844  -0.03564343  0.9929687  0.16937524
0.0  0.0  0.0  1.0
2        10       52
0.9889507  -0.084887505  0.12153548  -0.12600997
0.08125815  0.99609506  0.034522355  -0.05876134
-0.123991415  -0.02426505  0.9919867  0.19012916
0.0  0.0  0.0  1.0
2        11       52
0.98145664  -0.13058653  0.14031915  -0.15433443
0.13353232  0.990975  -0.011747003  -0.039703853
-0.13751853  0.030266106  0.9900367  0.2036888
0.0  0.0  0.0  1.0
2        12       52
0.9746369  -0.12387942  0.1863777  -0.17576173
0.120032355  0.9922596  0.031830966  -0.06638729
-0.1888781  -0.008652121  0.98196256  0.21574974
0.0  0.0  0.0  1.0
2        13       52
0.9766671  -0.15094422  0.15276384  -0.16071624
0.15927963  0.9862609  -0.043812275  -0.03487724
-0.14405167  0.06712225  0.9872909  0.21744329
0.0  0.0  0.0  1.0
2        14       52
0.96110356  -0.18819736  0.20214283  -0.19901472
0.18728045  0.9820175  0.02383107  -0.109186456
-0.20299262  0.014953271  0.97906625  0.24362129
0.0  0.0  0.0  1.0
2        15       52
0.93692386  -0.22837418  0.2646101  -0.21042989
0.23815382  0.97121423  -0.005031839  -0.1224146
-0.25584438  0.06773268  0.96434206  0.25317538
0.0  0.0  0.0  1.0
2        16       52
0.9424608  -0.20304489  0.2655949  -0.17135304
0.22634064  0.97220314  -0.05992742  -0.12822063
-0.24604398  0.11659424  0.9622205  0.25136518
0.0  0.0  0.0  1.0
2        17       52
0.86719894  -0.35813513  0.34598592  -0.21215905
0.37016818  0.9283729  0.033161134  -0.18296644
-0.3330797  0.099315494  0.93765396  0.23959178
0.0  0.0  0.0  1.0
2        18       52
0.86450815  -0.3114595  0.39448428  -0.17276396
0.3754202  0.9219955  -0.09477964  -0.14172548
-0.334193  0.23003563  0.9140012  0.23888129
0.0  0.0  0.0  1.0
2        19       52
0.8529216  -0.2949245  0.43074787  -0.14921322
0.3700488  0.923573  -0.10037929  -0.12973493
-0.36822274  0.24501377  0.89687246  0.22873873
0.0  0.0  0.0  1.0
2        20       52
0.8529216  -0.2949245  0.43074787  -0.14921322
0.3700488  0.923573  -0.10037929  -0.12973493
-0.36822274  0.24501377  0.89687246  0.22873873
0.0  0.0  0.0  1.0
2        21       52
0.27815574  -0.17787723  0.94392216  -0.51646614
0.74662274  0.6582898  -0.09596425  -0.086912096
-0.6043043  0.7314468  0.31591424  0.48188448
0.0  0.0  0.0  1.0
2        22       52
0.6779993  -0.5005178  0.53832924  -0.20113927
0.54940593  0.83159685  0.0812372  -0.22764519
-0.48833364  0.24068272  0.8388097  0.23889637
0.0  0.0  0.0  1.0
2        23       52
0.45562333  -0.4373104  0.77534944  -0.35353762
0.6204028  0.7806201  0.075711876  -0.2065404
-0.63836294  0.44653326  0.62697744  0.3053759
0.0  0.0  0.0  1.0
2        24       52
-0.24878863  -0.56416154  0.78729033  -0.420907
0.7318639  0.42292202  0.5343337  -0.39691114
-0.6344128  0.7091254  0.30767122  0.42145297
0.0  0.0  0.0  1.0
2        25       52
-0.29204404  -0.4453541  0.84638643  -0.4591394
0.735206  0.46147424  0.49650136  -0.38086534
-0.6117044  0.76726884  0.19265619  0.5012766
0.0  0.0  0.0  1.0
2        26       52
-0.286295  -0.3761535  0.88121694  -0.48101127
0.76278055  0.46709538  0.4471996  -0.33916163
-0.5798281  0.80020607  0.15319587  0.5129982
0.0  0.0  0.0  1.0
2        27       52
-0.38776645  -0.246095  0.8882989  -0.56625223
0.8371258  0.30935493  0.4511319  -0.3378871
-0.3858208  0.9185517  0.086054966  0.582707
0.0  0.0  0.0  1.0
2        28       52
-0.074993  -0.55424803  0.8289664  -0.42293283
0.78087056  0.48437214  0.39449373  -0.2945507
-0.62017536  0.6768995  0.39647135  0.39842635
0.0  0.0  0.0  1.0
2        29       52
-0.46154392  -0.23842448  0.8544769  -0.5095419
0.78831583  0.33152664  0.51831293  -0.35926878
-0.40686044  0.9128219  0.034939513  0.60030437
0.0  0.0  0.0  1.0
2        30       52
-0.46154392  -0.23842448  0.8544769  -0.5095419
0.78831583  0.33152664  0.51831293  -0.35926878
-0.40686044  0.9128219  0.034939513  0.60030437
0.0  0.0  0.0  1.0
2        31       52
-0.61467505  -0.22258231  0.7567243  -0.47615713
0.69123554  0.3101241  0.65269935  -0.43116245
-0.3799578  0.9242728  -0.03676872  0.67116207
0.0  0.0  0.0  1.0
2        32       52
0.75762117  -0.47164202  0.4511809  -0.24057338
0.46509883  0.87509155  0.13378501  -0.16044378
-0.45792308  0.10848549  0.88234794  0.14348865
0.0  0.0  0.0  1.0
2        33       52
0.4262725  -0.5393243  0.72623783  -0.28620344
0.577036  0.78039825  0.24084847  -0.25043646
-0.69665015  0.31639835  0.64387196  0.30213737
0.0  0.0  0.0  1.0
2        34       52
0.4262725  -0.5393243  0.72623783  -0.28620344
0.577036  0.78039825  0.24084847  -0.25043646
-0.69665015  0.31639835  0.64387196  0.30213737
0.0  0.0  0.0  1.0
2        35       52
0.3665097  -0.54767525  0.75214523  -0.3284546
0.63845515  0.73607767  0.22486523  -0.22899294
-0.67679036  0.39779586  0.6194458  0.31784117
0.0  0.0  0.0  1.0
2        36       52
0.29818118  -0.54552174  0.78325844  -0.33977473
0.65404373  0.71443975  0.24860117  -0.22076838
-0.69520843  0.4381572  0.5698275  0.34008017
0.0  0.0  0.0  1.0
2        37       52
0.51108646  -0.57456994  0.6392651  -0.3105638
0.61948264  0.7618087  0.18944123  -0.18806265
-0.5958452  0.29919276  0.7452862  0.2728109
0.0  0.0  0.0  1.0
2        38       52
-0.6377649  -0.45257103  0.62324655  -0.34617338
0.6429887  0.13266137  0.75429904  -0.44939178
-0.42405444  0.8818058  0.2063916  0.54213834
0.0  0.0  0.0  1.0
2        39       52
-0.47706056  -0.42116547  0.77138364  -0.45189273
0.7690708  0.22475557  0.5983437  -0.3515396
-0.42537442  0.87869483  0.21668398  0.5012462
0.0  0.0  0.0  1.0
2        40       52
0.5568727  -0.568853  0.60522634  -0.30427435
0.6322284  0.76287556  0.13531035  -0.13971701
-0.538684  0.30729055  0.7844695  0.24544913
0.0  0.0  0.0  1.0
2        41       52
0.5568727  -0.568853  0.60522634  -0.30427435
0.6322284  0.76287556  0.13531035  -0.13971701
-0.538684  0.30729055  0.7844695  0.24544913
0.0  0.0  0.0  1.0
2        42       52
0.55731833  -0.59400773  0.5801302  -0.2894932
0.6580009  0.74210465  0.12772942  -0.11147742
-0.50638986  0.31054008  0.80444634  0.24911875
0.0  0.0  0.0  1.0
2        43       52
0.7389009  -0.4695848  0.483235  -0.14005281
0.4468586  0.8782691  0.17018142  -0.1310016
-0.5043247  0.0901905  0.8587915  0.1918881
0.0  0.0  0.0  1.0
2        44       52
0.5660516  -0.5019224  0.65395665  -0.25985163
0.55938923  0.8165595  0.14252675  -0.09827871
-0.605532  0.28513885  0.7429849  0.25825182
0.0  0.0  0.0  1.0
2        45       52
0.5660516  -0.5019224  0.65395665  -0.25985163
0.55938923  0.8165595  0.14252675  -0.09827871
-0.605532  0.28513885  0.7429849  0.25825182
0.0  0.0  0.0  1.0
2        46       52
0.4945531  -0.45802242  0.73867  -0.31035554
0.49410248  0.8473456  0.19459745  -0.110685885
-0.71503884  0.26873988  0.64536726  0.3300163
0.0  0.0  0.0  1.0
2        47       52
0.77331185  -0.36216837  0.5204069  -0.17150314
0.36732712  0.9249306  0.097851336  -0.044172775
-0.5167788  0.11549038  0.84829396  0.1160087
0.0  0.0  0.0  1.0
2        48       52
0.59331733  -0.5191131  0.6152206  -0.27579236
0.56928426  0.810941  0.13524236  -0.07346363
-0.5691136  0.26999387  0.77666825  0.17044732
0.0  0.0  0.0  1.0
2        49       52
0.7221378  -0.4947997  0.48341563  -0.16002628
0.50438803  0.85487986  0.1215449  -0.043298934
-0.47340256  0.15605703  0.86691195  0.05682683
0.0  0.0  0.0  1.0
2        50       52
0.72281784  -0.46891528  0.50759554  -0.16219366
0.48355225  0.8679598  0.11323863  -0.034807578
-0.49367172  0.16359821  0.85412174  0.056126893
0.0  0.0  0.0  1.0
2        51       52
0.8277296  -0.3220333  0.45952052  -0.008793101
0.30971926  0.9450771  0.104419135  -0.021771684
-0.46790898  0.05589179  0.8820079  -0.015275717
0.0  0.0  0.0  1.0
2        52       52
0.8277296  -0.3220333  0.45952052  -0.008793101
0.30971926  0.9450771  0.104419135  -0.021771684
-0.46790898  0.05589179  0.8820079  -0.015275717
0.0  0.0  0.0  1.0
3        4       52
0.9992503  -0.030218482  0.024211198  -0.015533775
0.030360803  0.999524  -0.005530983  -0.0039931834
-0.024032444  0.006261945  0.99969184  0.010489702
0.0  0.0  0.0  1.0
3        5       52
0.9973979  -0.041430876  0.058998853  -0.054683916
0.04070902  0.99908113  0.013383806  -0.035378724
-0.059499115  -0.010946989  0.99816823  0.05065763
0.0  0.0  0.0  1.0
3        6       52
0.9969513  -0.040402487  0.06675628  -0.05783509
0.040052146  0.9991759  0.0065815747  -0.03291038
-0.06696695  -0.0038875341  0.9977479  0.07129741
0.0  0.0  0.0  1.0
3        7       52
0.993425  -0.08473286  0.07698955  -0.07880223
0.08307174  0.9962418  0.024534583  -0.036656585
-0.07877883  -0.017977327  0.9967302  0.09950024
0.0  0.0  0.0  1.0
3        8       52
0.9912066  -0.100220874  0.08640051  -0.07829344
0.09881848  0.99489707  0.020368904  -0.03643931
-0.08800104  -0.011651963  0.9960522  0.112702966
0.0  0.0  0.0  1.0
3        9       52
0.98541486  -0.113335356  0.12693572  -0.11928971
0.1062427  0.9924463  0.06133914  -0.057129465
-0.13292915  -0.046958715  0.99001235  0.14519
0.0  0.0  0.0  1.0
3        10       52
0.99029523  -0.099972874  0.09654625  -0.114471816
0.09537017  0.9941257  0.051178634  -0.06157372
-0.10109556  -0.041474164  0.99401206  0.17305565
0.0  0.0  0.0  1.0
3        11       52
0.9852194  -0.14789152  0.08643593  -0.121176615
0.1501633  0.9884519  -0.02036208  -0.028453793
-0.08242613  0.033040702  0.9960497  0.18873912
0.0  0.0  0.0  1.0
3        12       52
0.9759066  -0.14062665  0.16682506  -0.1686488
0.1356589  0.9899126  0.040868074  -0.06150467
-0.17088914  -0.017251879  0.9851396  0.19643265
0.0  0.0  0.0  1.0
3        13       52
0.9831305  -0.12648863  0.13211584  -0.14925161
0.13263395  0.9904064  -0.03876388  -0.030124117
-0.12594533  0.055633068  0.9904757  0.20161694
0.0  0.0  0.0  1.0
3        14       52
0.9736937  -0.14262724  0.17770556  -0.17493585
0.14385849  0.9895805  0.006005466  -0.08638877
-0.17670977  0.019717127  0.9840661  0.2239657
0.0  0.0  0.0  1.0
3        15       52
0.9482598  -0.18156874  0.2604544  -0.20615155
0.18619429  0.9824879  0.007020578  -0.10810595
-0.25716802  0.041837454  0.9654608  0.2329129
0.0  0.0  0.0  1.0
3        16       52
0.9540038  -0.110857576  0.27854544  -0.17155421
0.12694405  0.9910896  -0.040335685  -0.1214996
-0.27159202  0.07384011  0.9595759  0.23366094
0.0  0.0  0.0  1.0
3        17       52
0.87768567  -0.36096856  0.31523138  -0.18449324
0.3717361  0.9279297  0.027552903  -0.1560279
-0.3024576  0.09299973  0.9486152  0.2277376
0.0  0.0  0.0  1.0
3        18       52
0.8628081  -0.27946627  0.42126107  -0.19971849
0.3419637  0.9363696  -0.07920347  -0.1274874
-0.37232125  0.21239309  0.90347457  0.2344178
0.0  0.0  0.0  1.0
3        19       52
0.5859489  -0.57349014  0.57251453  -0.2563446
0.57559824  0.7918528  0.20409724  -0.2790192
-0.57039493  0.20994791  0.7940852  0.24585527
0.0  0.0  0.0  1.0
3        20       52
0.5859489  -0.57349014  0.57251453  -0.2563446
0.57559824  0.7918528  0.20409724  -0.2790192
-0.57039493  0.20994791  0.7940852  0.24585527
0.0  0.0  0.0  1.0
3        21       52
0.48968655  -0.65859354  0.57136804  -0.2639572
0.5808413  0.7351394  0.3495612  -0.38377583
-0.6502541  0.16069907  0.74252635  0.2418127
0.0  0.0  0.0  1.0
3        22       52
0.19541833  -0.38151735  0.90346915  -0.46300536
0.68389535  0.713296  0.15328594  -0.21433751
-0.7029218  0.5879235  0.40030885  0.40026924
0.0  0.0  0.0  1.0
3        23       52
0.163805  -0.22804135  0.9597735  -0.5183327
0.6907441  0.7211215  0.053448223  -0.14201888
-0.70430154  0.65420276  0.2756415  0.4529039
0.0  0.0  0.0  1.0
3        24       52
-0.30627024  -0.5053317  0.80674565  -0.40712336
0.7572551  0.38421723  0.528149  -0.38712165
-0.5768559  0.77266884  0.2649906  0.42962027
0.0  0.0  0.0  1.0
3        25       52
-0.19798541  -0.33438408  0.9214061  -0.48262393
0.758659  0.5429515  0.36005586  -0.3020794
-0.62067556  0.77031875  0.14618734  0.51372254
0.0  0.0  0.0  1.0
3        26       52
-0.17488542  -0.39960864  0.8998488  -0.46462515
0.76148313  0.5244611  0.380899  -0.30718932
-0.62414646  0.75183326  0.21257454  0.4722117
0.0  0.0  0.0  1.0
3        27       52
-0.30124885  -0.31484282  0.9000692  -0.54698485
0.8645497  0.30800322  0.39709926  -0.30689964
-0.40224752  0.8977799  0.17941178  0.5105764
0.0  0.0  0.0  1.0
3        28       52
-0.19417575  -0.526672  0.8275939  -0.42824557
0.77929354  0.42959544  0.45623323  -0.32431102
-0.595816  0.7335285  0.32701525  0.4168826
0.0  0.0  0.0  1.0
3        29       52
-0.4742633  -0.32295054  0.81901014  -0.4728982
0.80029666  0.22952715  0.553934  -0.37165418
-0.36687833  0.91816175  0.14959994  0.5165205
0.0  0.0  0.0  1.0
3        30       52
-0.4742633  -0.32295054  0.81901014  -0.4728982
0.80029666  0.22952715  0.553934  -0.37165418
-0.36687833  0.91816175  0.14959994  0.5165205
0.0  0.0  0.0  1.0
3        31       52
-0.61119866  -0.37957776  0.6945203  -0.40907437
0.6577792  0.24442154  0.71244985  -0.47408998
-0.44018558  0.8922889  0.1002883  0.5806868
0.0  0.0  0.0  1.0
3        32       52
0.34836456  -0.6757214  0.64964813  -0.20863792
0.70161104  0.6475644  0.29732496  -0.24741457
-0.62159777  0.35222286  0.6996822  0.21563283
0.0  0.0  0.0  1.0
3        33       52
0.5027852  -0.671129  0.5447873  -0.11853257
0.6204645  0.7190099  0.31312746  -0.27410293
-0.6018561  0.18058518  0.7779192  0.19637942
0.0  0.0  0.0  1.0
3        34       52
0.5027852  -0.671129  0.5447873  -0.11853257
0.6204645  0.7190099  0.31312746  -0.27410293
-0.6018561  0.18058518  0.7779192  0.19637942
0.0  0.0  0.0  1.0
3        35       52
0.2774875  -0.5207981  0.8073232  -0.33089423
0.70316577  0.6826941  0.19871327  -0.19135813
-0.654644  0.5125412  0.5556464  0.29888126
0.0  0.0  0.0  1.0
3        36       52
0.3963673  0.18740334  -0.89876163  0.69218236
0.048843056  -0.981863  -0.1831905  0.26156354
-0.9167915  0.028712839  -0.39833182  0.95905286
0.0  0.0  0.0  1.0
3        37       52
0.26733446  -0.6521263  0.70941097  -0.2506104
0.7830316  0.5760866  0.23449004  -0.19115406
-0.5615991  0.49280393  0.66464347  0.25080234
0.0  0.0  0.0  1.0
3        38       52
-0.68823195  0.15878204  0.7079017  -0.3672412
0.6853073  0.46251574  0.5625235  -0.3181115
-0.23809722  0.8722769  -0.42713243  0.8322788
0.0  0.0  0.0  1.0
3        39       52
-0.49177012  -0.4561122  0.741704  -0.43044978
0.7661861  0.17801142  0.61747134  -0.36632317
-0.41366762  0.871937  0.261926  0.4711766
0.0  0.0  0.0  1.0
3        40       52
0.21760343  -0.67691255  0.70316315  -0.3679453
0.7008809  0.60975283  0.37009194  -0.2918652
-0.6792754  0.4123001  0.60711926  0.35283196
0.0  0.0  0.0  1.0
3        41       52
0.21760343  -0.67691255  0.70316315  -0.3679453
0.7008809  0.60975283  0.37009194  -0.2918652
-0.6792754  0.4123001  0.60711926  0.35283196
0.0  0.0  0.0  1.0
3        42       52
-0.004977219  -0.57008016  0.821574  -0.45376658
0.78476954  0.50697094  0.35653526  -0.20377898
-0.6197679  0.64652073  0.4448581  0.42151463
0.0  0.0  0.0  1.0
3        43       52
-0.23973367  -0.7051705  0.66727996  -0.4082663
0.70559204  0.34554163  0.61866087  -0.35257998
-0.66683435  0.6191411  0.41472474  0.449533
0.0  0.0  0.0  1.0
3        44       52
0.21152145  -0.6111332  0.7627418  -0.38701546
0.6955555  0.64237535  0.32180232  -0.21213648
-0.6866304  0.46246123  0.5609532  0.36512443
0.0  0.0  0.0  1.0
3        45       52
0.21152145  -0.6111332  0.7627418  -0.38701546
0.6955555  0.64237535  0.32180232  -0.21213648
-0.6866304  0.46246123  0.5609532  0.36512443
0.0  0.0  0.0  1.0
3        46       52
0.41693792  -0.5502899  0.72342527  -0.32045656
0.60355675  0.7627208  0.23232824  -0.14672858
-0.6796194  0.33976164  0.6501383  0.3134003
0.0  0.0  0.0  1.0
3        47       52
0.5404451  -0.5447856  0.64119285  -0.30734026
0.6261735  0.76944155  0.12596574  -0.068002254
-0.5619846  0.33342078  0.75697124  0.1862697
0.0  0.0  0.0  1.0
3        48       52
0.60225976  -0.5460442  0.5823387  -0.28193712
0.5965328  0.792595  0.1262567  -0.07958486
-0.53050077  0.27134466  0.80308145  0.14850545
0.0  0.0  0.0  1.0
3        49       52
0.69360185  -0.43963924  0.57064325  -0.19024014
0.46753812  0.87738913  0.10768452  -0.025383662
-0.54801863  0.19210748  0.81410694  0.061416864
0.0  0.0  0.0  1.0
3        50       52
0.70170295  -0.4565489  0.54697037  -0.17936708
0.49453565  0.86475563  0.087365925  -0.019513965
-0.5128821  0.20919172  0.83258146  0.05571258
0.0  0.0  0.0  1.0
3        51       52
0.66701317  -0.38429984  0.6382853  -0.09956959
0.39188042  0.90958816  0.13812833  -0.031452514
-0.6336594  0.15799803  0.7573063  0.017085075
0.0  0.0  0.0  1.0
3        52       52
0.66701317  -0.38429984  0.6382853  -0.09956959
0.39188042  0.90958816  0.13812833  -0.031452514
-0.6336594  0.15799803  0.7573063  0.017085075
0.0  0.0  0.0  1.0
4        5       52
0.99928105  -0.013703719  0.035357863  -0.032186948
0.01340583  0.9998731  0.008652806  -0.018371366
-0.035471857  -0.008172721  0.9993377  0.034211934
0.0  0.0  0.0  1.0
4        6       52
0.998394  -0.025225729  0.050721973  -0.04406105
0.024445713  0.99957407  0.015938878  -0.02352281
-0.05110255  -0.014673442  0.99858546  0.054757178
0.0  0.0  0.0  1.0
4        7       52
0.998274  -0.03915359  0.043773085  -0.04948383
0.039206192  0.9992312  -0.00034165382  -0.008783862
-0.043725908  0.0020574033  0.9990417  0.078854024
0.0  0.0  0.0  1.0
4        8       52
0.99608606  -0.07645847  0.044347078  -0.052964315
0.0755555  0.9969055  0.021691084  -0.023360722
-0.045868307  -0.018255472  0.9987805  0.09615314
0.0  0.0  0.0  1.0
4        9       52
0.993052  -0.09701571  0.06660193  -0.080376506
0.09336111  0.99405867  0.055955887  -0.040535122
-0.07163495  -0.04934925  0.9962093  0.122192144
0.0  0.0  0.0  1.0
4        10       52
0.9938311  -0.08308233  0.07347046  -0.097689584
0.07861115  0.9949889  0.0617913  -0.05313423
-0.07823582  -0.05563426  0.99538165  0.15260369
0.0  0.0  0.0  1.0
4        11       52
0.9851366  -0.10798849  0.13358194  -0.1488674
0.10388172  0.9938878  0.03735912  -0.043299332
-0.13679984  -0.022927195  0.9903333  0.16306984
0.0  0.0  0.0  1.0
4        12       52
0.9786004  -0.112240806  0.17246264  -0.15671897
0.09508699  0.98994577  0.104718804  -0.081093654
-0.18248218  -0.08607888  0.9794338  0.1759386
0.0  0.0  0.0  1.0
4        13       52
0.9878904  -0.059305713  0.14336912  -0.13481203
0.050793067  0.996762  0.06232509  -0.07253207
-0.14660141  -0.054288536  0.9877044  0.17832816
0.0  0.0  0.0  1.0
4        14       52
0.9767432  -0.13374422  0.16758731  -0.17572117
0.13307385  0.9909885  0.015275836  -0.083415926
-0.16811976  0.0073810667  0.9857392  0.20421338
0.0  0.0  0.0  1.0
4        15       52
0.97416514  -0.122164026  0.18994272  -0.12674356
0.13009365  0.99105334  -0.029806718  -0.082594916
-0.18460235  0.05374685  0.98134255  0.20523554
0.0  0.0  0.0  1.0
4        16       52
0.96683884  -0.089312434  0.2392649  -0.16239853
0.10850166  0.9917517  -0.06824443  -0.093369186
-0.23119533  0.09194137  0.968554  0.22274834
0.0  0.0  0.0  1.0
4        17       52
0.9149575  -0.20935482  0.34499684  -0.2236724
0.23336081  0.97195536  -0.029077634  -0.11460606
-0.3292341  0.10711375  0.938153  0.21673918
0.0  0.0  0.0  1.0
4        18       52
0.4023838  -0.2957493  0.8663834  -0.42682558
0.6843586  0.7257688  -0.0700956  -0.08584082
-0.608063  0.62112224  0.49443603  0.3824855
0.0  0.0  0.0  1.0
4        19       52
-0.19457859  -0.91326094  0.3579021  -0.00830517
0.8700572  0.00778684  0.49288917  -0.32808158
-0.45292327  0.40730113  0.7930742  0.13552704
0.0  0.0  0.0  1.0
4        20       52
-0.19457859  -0.91326094  0.3579021  -0.00830517
0.8700572  0.00778684  0.49288917  -0.32808158
-0.45292327  0.40730113  0.7930742  0.13552704
0.0  0.0  0.0  1.0
4        21       52
-0.021702506  -0.7044011  0.70947033  -0.29556426
0.8221529  0.39120024  0.4135545  -0.29917872
